169.910000
169.915000
169.570000
169.580000
169.510000
169.750000
169.685000
170.100000
170.095000
170.090000
170.340000
170.360000
170.318200
170.180000
170.062900
169.810000
169.350000
169.200000
169.300000
169.210000
169.230000
169.110000
169.040000
168.890000
169.000000
168.770000
168.935000
168.750000
168.305600
168.350200
168.220000
168.133600
168.030000
167.906800
167.940000
168.110000
167.775000
167.805000
167.820000
167.920000
167.830000
168.170000
168.410000
168.233800
167.920000
167.920000
167.707500
168.561700
168.650000
168.890000
168.890000
168.627100
168.570100
168.315000
168.180000
168.170000
167.830000
167.840000
167.670000
167.930000
168.365000
168.000000
167.580000
167.590000
167.595000
167.446800
167.410000
167.506900
167.540000
167.110000
167.350000
167.310000
166.980000
166.735000
166.590000
166.110000
166.829000
166.795000
166.810000
166.665000
166.290000
166.446900
166.020000
165.865000
165.770000
165.470000
165.830000
165.430000
164.940000
165.232800
165.396100
165.400000
165.780000
165.419900
165.505000
166.210000
166.136900
166.250000
165.920000
166.110000
166.330000
166.275000
165.949900
165.600000
165.260000
164.869100
164.680000
165.090000
164.750000
164.521400
164.370000
164.567600
164.950000
164.580000
164.710000
164.550000
164.440000
164.400000
164.450000
164.500000
164.220000
164.300000
164.040000
164.130000
164.024000
163.450000
163.260000
162.700000
162.900000
162.990000
162.630000
162.660000
163.270000
163.210000
163.732100
164.220000
163.930000
163.824000
163.760000
163.313800
163.390000
163.200000
164.050000
163.760000
163.630000
163.275600
163.420000
163.370000
164.040000
164.454000
164.679300
164.810000
165.165000
165.370000
165.070000
165.130000
164.520000
164.980000
165.050000
164.760000
164.485000
164.170000
163.920000
163.730000
164.260000
163.860000
164.330000
164.810000
165.070000
164.920000
165.273000
164.920000
164.550000
164.810000
165.005000
165.000000
164.930000
164.975000
164.815000
164.741000
164.790000
165.040000
165.180000
165.340000
165.700000
166.090000
165.970000
165.755000
165.480000
165.170000
165.660000
165.490000
166.200000
166.440000
166.635000
166.400000
166.570000
166.160000
166.890000
167.290000
167.030000
166.510000
166.390000
166.020000
165.580000
165.125000
165.670000
166.209500
166.760000
166.930000
166.920000
166.390000
165.920000
165.670000
165.390000
165.920000
165.500000
165.230000
164.770000
164.680000
164.260800
164.830000
165.165000
165.231300
165.670000
164.870000
166.030000
165.570000
166.300000
165.720000
164.270000
164.190000
163.994500
163.560000
164.140000
165.970000
163.950000
164.460000
164.300000
164.410000
